SRMR (overall): 0.055
Factor correlations (Phi):
1.000,-0.514,0.210,0.328,0.305,0.288,-0.052,-0.248,-0.068
-0.514,1.000,-0.367,-0.534,-0.458,-0.449,0.065,0.305,0.059
0.210,-0.367,1.000,0.280,0.212,0.280,-0.012,-0.101,-0.014
0.328,-0.534,0.280,1.000,0.339,0.412,-0.023,-0.205,-0.041
0.305,-0.458,0.212,0.339,1.000,0.367,-0.083,-0.155,-0.096
0.288,-0.449,0.280,0.412,0.367,1.000,-0.049,-0.178,-0.056
-0.052,0.065,-0.012,-0.023,-0.083,-0.049,1.000,0.031,0.220
-0.248,0.305,-0.101,-0.205,-0.155,-0.178,0.031,1.000,0.113
-0.068,0.059,-0.014,-0.041,-0.096,-0.056,0.220,0.113,1.000
